30250000000000
30250000000000
30250000000000
30250000000000
30250000000000
30250000000000
30250000000000
30250000000000
30250000000000
30250000000000
30250000000000
30250000000000
30250000000000
30250000000000
30250000000000
30250000000000
30250000000000
30250000000000
30250000000000
30250000000000
30250000000000
30250000000000
30250000000000
30250000000000
30250000000000
30250000000000
30250000000000
30250000000000
30250000000000
30250000000000
30440500000000
30440500000000
32309000000000
32309000000000
34268000000000
34268000000000
36319500000000
36319500000000
38463000000000
38463000000000
40699500000000
40699500000000
43028500000000
43028500000000
45448500000000
45448500000000
47958000000000
47958000000000
50553000000000
50553000000000
53231000000000
53231000000000
55986500000000
55986500000000
58814000000000
58814000000000
61705500000000
61705500000000
64653500000000
64653500000000
67647500000000
67647500000000
70677500000000
70677500000000
73731000000000
73731000000000
76794500000000
76794500000000
79853000000000
79853000000000
82890500000000
82890500000000
85890000000000
85890000000000
88833500000000
88833500000000
91702500000000
91702500000000
94477000000000
94477000000000
97138000000000
97138000000000
99665500000000
99665500000000
102039000000000
102039000000000
104240000000000
104240000000000
106249500000000
106249500000000
108050500000000
108050500000000
109627000000000
109627000000000
110964000000000
110964000000000
112049000000000
112049000000000
112872500000000
112872500000000
113425500000000
113425500000000
113703500000000
113703500000000
113703500000000
113703500000000
113425500000000
113425500000000
112872500000000
112872500000000
112049000000000
112049000000000
110964000000000
110964000000000
109627000000000
109627000000000
108050500000000
108050500000000
106249500000000
106249500000000
104240000000000
104240000000000
102039000000000
102039000000000
99665500000000
99665500000000
97138000000000
97138000000000
94477000000000
94477000000000
91702500000000
91702500000000
88833500000000
88833500000000
85890000000000
85890000000000
82890500000000
82890500000000
79853000000000
79853000000000
76794500000000
76794500000000
73731000000000
73731000000000
70677500000000
70677500000000
67647500000000
67647500000000
64653500000000
64653500000000
61705500000000
61705500000000
58814000000000
58814000000000
55986500000000
55986500000000
53231000000000
53231000000000
50553000000000
50553000000000
47958000000000
47958000000000
45448500000000
45448500000000
43028500000000
43028500000000
40699500000000
40699500000000
38463000000000
38463000000000
36319500000000
36319500000000
34268000000000
34268000000000
32309000000000
32309000000000
30440500000000
30440500000000
30250000000000
30250000000000
30250000000000
30250000000000
30250000000000
30250000000000
30250000000000
30250000000000
30250000000000
30250000000000
30250000000000
30250000000000
30250000000000
30250000000000
30250000000000
30250000000000
30250000000000
30250000000000
30250000000000
30250000000000
30250000000000
30250000000000
30250000000000
30250000000000
30250000000000
30250000000000
30250000000000
30250000000000
29952000000000
29952000000000
