42350000000000
42350000000000
42350000000000
42350000000000
42350000000000
42350000000000
42350000000000
42350000000000
42350000000000
42350000000000
42350000000000
42350000000000
42350000000000
42350000000000
42350000000000
42616700000000
45232600000000
47975200000000
50847300000000
53848200000000
56979300000000
60239900000000
63627900000000
67141200000000
70774200000000
74523400000000
78381100000000
82339600000000
86387700000000
90514900000000
94706500000000
98948500000000
103223400000000
107512300000000
111794200000000
116046700000000
120246000000000
124366900000000
128383500000000
132267800000000
135993200000000
139531700000000
142854600000000
145936000000000
148749300000000
151270700000000
153477800000000
155349600000000
156868600000000
158021500000000
158795700000000
159184900000000
159184900000000
158795700000000
158021500000000
156868600000000
155349600000000
153477800000000
151270700000000
148749300000000
145936000000000
142854600000000
139531700000000
135993200000000
132267800000000
128383500000000
124366900000000
120246000000000
116046700000000
111794200000000
107512300000000
103223400000000
98948500000000
94706500000000
90514900000000
86387700000000
82339600000000
78381100000000
74523400000000
70774200000000
67141200000000
63627900000000
60239900000000
56979300000000
53848200000000
50847300000000
47975200000000
45232600000000
42616700000000
42350000000000
42350000000000
42350000000000
42350000000000
42350000000000
42350000000000
42350000000000
42350000000000
42350000000000
42350000000000
42350000000000
42350000000000
42350000000000
42350000000000
41932800000000
